0 0 0 0 0 0 0 0 0 0 0 0 0 0 0 0 0 0 0 0 0 0 0 0 0 0 0 0 0 0 0 0 0 0 0 0 0 0 0 0 0 0 0 0 0 0 0 0 0 0 0 0 0 0 0 0 0 0 0 0 0 0 0 0 0 0 0 0 0 0 0 0 0 0 0 0 0 0 0 0 0 0 0 0 0 0 0 0 0 0 0 0 0 0 0 0 0 0 0 0 0 12 16 6 9 6 12 14 10 9 12 8 8 13 11 7 6 7 12 9 11 10 13 10 10 13 6 8 8 10 10 8 11 15 14 9 12 8 8 10 19 13 5 11 9 10 9 8 13 9 16 12 8 7 9 9 7 9 4 10 13 7 10 6 15 9 8 13 7 12 4 7 11 14 10 10 9 9 14 8 10 10 4 9 14 10 11 7 11 9 3 17 13 10 5 8 12 10 14 15 14 0 
12 16 6 9 6 12 14 10 9 12 8 8 13 11 7 6 7 12 9 11 10 13 10 11 12 6 8 8 10 10 8 11 15 14 9 12 8 8 10 20 12 5 11 9 11 9 7 13 9 16 13 7 7 9 9 7 9 4 10 13 7 10 6 15 9 8 13 7 12 4 7 10 15 10 9 10 8 15 8 10 10 4 9 14 10 11 7 11 9 3 17 13 10 5 8 12 10 12 17 14 0 
12 16 6 9 6 12 14 10 9 12 8 8 13 11 7 6 7 12 9 11 10 13 11 10 12 6 8 8 10 10 8 11 15 14 9 12 8 8 10 20 12 5 11 9 11 9 7 13 9 16 13 7 7 10 8 7 9 4 10 13 7 10 6 15 9 8 13 7 12 4 7 10 15 10 9 9 9 15 8 10 10 4 9 14 10 11 7 11 9 3 17 13 10 5 8 12 9 13 17 14 0 
12 16 6 8 7 12 14 10 9 12 8 8 13 11 7 6 7 12 9 11 10 13 11 10 12 6 8 8 10 10 8 11 15 14 9 12 8 8 10 20 12 6 10 9 11 9 7 13 10 15 13 7 7 11 7 7 9 4 10 13 7 10 6 15 9 8 13 7 12 4 7 10 15 10 9 9 9 15 8 10 9 5 9 14 10 11 7 11 9 3 17 13 10 5 7 13 9 13 16 15 0 
12 16 6 8 7 12 14 10 9 12 8 8 13 11 7 6 7 12 9 12 9 13 11 10 12 6 8 8 10 10 9 10 15 15 8 12 8 8 11 19 12 6 10 9 11 9 7 13 10 15 13 7 8 10 7 7 10 3 10 13 7 10 6 15 9 8 13 7 12 4 7 10 15 10 9 9 9 13 10 10 9 5 9 14 10 11 7 11 9 3 17 12 11 5 7 13 9 13 16 15 0 
12 16 6 8 7 12 14 10 9 12 8 8 13 11 7 6 7 12 8 13 9 13 11 11 11 6 9 7 10 10 9 10 15 15 8 12 9 7 11 19 12 6 10 9 11 9 7 13 12 13 13 7 8 10 7 7 10 3 10 13 7 10 6 15 9 9 12 7 12 4 7 10 14 11 9 8 10 12 11 9 10 5 9 14 10 11 6 12 9 2 17 12 12 5 6 14 9 13 16 15 0 
12 16 6 8 7 12 14 10 9 12 8 8 13 11 7 6 7 12 8 13 10 12 13 9 11 6 9 7 10 10 9 10 15 15 8 12 9 7 11 19 12 6 10 9 11 9 7 13 12 13 13 7 8 10 7 7 10 3 10 13 7 10 7 14 9 9 12 7 12 4 7 10 12 13 9 8 10 12 11 9 10 5 9 14 10 11 6 12 9 2 17 11 13 5 6 13 10 13 16 15 0 
12 16 6 8 7 12 14 10 9 12 8 8 13 11 7 6 7 12 8 13 11 11 13 9 11 6 9 7 10 10 9 10 15 15 9 11 9 7 11 19 12 7 9 9 11 9 7 13 13 12 13 7 8 10 7 7 10 4 9 13 7 10 7 14 9 9 12 7 12 4 7 10 12 12 10 8 9 13 11 9 9 6 9 13 11 11 5 13 9 2 16 12 13 5 5 14 9 14 16 15 0 
12 16 6 8 7 12 14 10 9 12 8 8 12 12 7 6 7 12 8 12 12 11 13 9 11 6 9 7 11 9 10 9 15 15 10 11 8 7 11 19 12 7 9 9 11 9 7 13 13 12 13 7 8 10 7 7 10 5 8 13 7 11 6 14 9 9 12 7 12 4 7 10 12 12 9 9 9 13 11 9 9 6 9 12 9 14 5 13 9 2 15 11 15 5 5 14 8 15 16 15 0 
12 16 6 8 7 12 14 10 9 12 8 8 12 12 7 6 7 12 8 12 12 11 14 8 11 6 9 7 12 8 10 9 15 15 10 11 8 7 11 21 10 7 9 10 10 9 8 12 14 12 12 7 8 10 7 7 10 5 9 12 7 11 6 14 9 9 12 7 12 4 7 10 12 12 9 9 9 11 13 9 9 6 9 12 8 14 6 12 10 2 15 10 16 5 5 14 8 13 18 15 0 
12 15 7 8 7 11 15 10 9 12 8 8 12 12 7 6 7 12 8 12 12 13 12 8 11 7 8 7 12 8 10 9 16 14 10 12 7 7 11 21 10 8 8 10 10 9 8 12 14 13 11 7 8 10 7 8 9 5 10 11 7 11 6 14 9 9 12 7 12 4 7 10 12 12 7 11 9 11 13 9 8 7 9 10 10 14 6 11 11 2 15 10 16 5 4 15 8 13 18 15 0 
12 15 7 8 7 11 15 10 9 12 8 8 12 12 7 6 7 12 8 12 12 13 13 8 11 7 7 7 13 7 10 9 16 14 10 12 7 7 11 21 11 8 8 9 10 9 8 12 15 14 9 7 9 9 8 7 9 5 10 11 7 11 6 14 9 9 12 7 12 4 5 11 13 12 7 11 9 11 13 9 7 8 9 9 10 15 6 10 12 2 12 13 15 6 3 16 7 14 18 15 0 
12 15 7 8 7 11 15 11 8 12 8 8 12 12 7 6 7 12 8 12 12 13 13 10 11 5 7 8 12 7 10 9 16 14 10 12 8 6 11 21 12 9 6 10 9 9 8 12 16 16 6 7 9 10 7 8 8 5 10 11 9 9 6 14 9 10 11 7 12 4 5 10 14 12 7 11 9 11 12 8 8 9 8 10 10 13 8 8 13 3 10 14 16 6 3 16 6 15 16 17 0 
12 15 7 8 6 12 15 11 9 11 8 8 12 12 7 6 6 13 8 12 12 13 14 9 11 5 7 9 11 8 9 9 16 14 11 11 8 6 11 21 12 9 7 9 9 9 8 12 18 14 7 6 10 9 8 8 7 5 10 11 9 9 6 14 9 10 11 7 12 4 5 10 14 11 8 10 10 11 12 8 8 9 8 9 10 12 10 8 13 2 11 14 15 7 2 17 6 15 16 17 0 
12 15 7 8 6 12 15 11 9 11 8 8 11 13 7 6 6 12 9 12 12 13 14 9 12 4 9 7 12 8 8 9 16 15 11 10 8 6 15 17 14 8 6 9 9 9 9 11 18 15 7 5 11 8 8 8 7 6 9 11 9 10 5 14 9 10 11 7 12 4 5 10 14 11 7 10 11 9 14 6 10 8 9 8 11 11 11 7 14 2 11 13 16 6 3 17 6 14 17 17 0 
12 14 8 8 6 12 15 12 8 11 8 8 11 13 7 6 5 13 9 12 12 13 14 10 11 4 9 7 12 8 8 9 16 15 12 10 7 6 15 17 14 9 5 9 9 9 9 11 18 17 6 4 12 9 6 9 6 6 9 11 9 10 6 13 9 10 11 7 12 4 4 11 11 14 5 12 10 10 14 5 10 8 9 7 12 11 12 6 15 2 10 14 16 6 3 17 6 14 16 18 0 
12 14 8 8 6 12 15 12 8 11 8 8 11 13 7 6 4 14 9 11 13 13 16 9 10 6 7 8 11 8 8 9 16 15 12 11 6 6 15 18 13 10 4 9 10 8 11 10 17 19 5 3 14 8 7 9 6 4 10 10 9 10 6 13 9 10 11 7 12 4 4 11 10 13 7 11 10 11 14 5 10 8 9 7 12 10 13 6 14 3 9 15 14 7 4 15 8 14 15 19 0 
12 14 7 9 6 12 15 12 8 11 8 8 11 13 7 5 5 14 9 11 14 12 16 11 8 6 8 7 11 9 7 9 17 14 12 11 6 6 16 18 12 10 4 9 11 9 11 8 19 17 6 2 14 9 6 9 6 5 10 9 9 10 6 13 9 10 11 7 12 4 4 11 10 12 8 10 11 10 15 5 10 8 8 8 11 11 13 6 13 4 9 14 14 5 7 15 6 15 15 20 0 
12 12 9 9 6 12 15 12 8 11 8 8 11 13 7 5 5 14 8 12 14 12 16 12 7 8 6 7 12 8 8 8 19 13 11 11 7 5 17 19 10 10 5 8 11 9 12 7 20 16 7 1 14 9 6 9 6 5 11 8 9 11 5 13 9 10 11 7 12 4 3 11 10 12 9 9 12 9 15 6 10 8 6 10 11 11 12 7 12 5 6 16 13 7 6 16 5 15 16 20 0 
12 11 9 10 5 13 15 12 8 11 8 8 11 13 7 5 4 15 8 13 13 12 17 11 7 8 6 8 11 9 8 7 21 11 12 11 6 5 17 19 11 9 5 8 11 9 12 7 20 16 7 3 12 10 5 9 6 7 9 8 9 11 5 13 9 10 11 7 12 4 2 11 10 13 9 9 12 9 15 6 10 8 5 10 11 10 14 7 10 7 6 15 14 7 6 16 5 14 17 20 0 
12 10 10 10 5 13 15 12 8 11 8 8 11 13 6 6 4 15 8 13 13 12 17 11 7 8 7 7 11 10 8 6 22 12 11 10 6 6 16 19 11 9 5 10 9 9 12 7 20 16 8 3 11 11 6 7 6 7 10 7 9 11 5 13 9 10 11 7 12 4 2 11 9 14 9 9 12 9 15 6 10 7 3 12 11 11 13 8 10 6 5 16 15 7 6 13 7 15 17 20 0 
12 9 11 10 5 12 16 12 8 11 8 7 11 14 6 6 3 16 8 12 16 12 15 12 7 8 6 8 10 10 9 7 22 11 11 9 6 6 18 17 11 9 6 9 9 9 12 8 20 15 8 5 10 10 6 8 5 9 8 7 9 11 5 13 9 10 11 7 12 4 2 11 8 14 10 9 11 10 15 5 11 7 3 9 14 10 11 11 9 7 5 16 15 7 6 12 8 14 18 20 0 
12 9 11 10 5 12 17 11 8 11 8 7 11 14 6 6 3 15 9 12 17 11 15 13 7 8 5 8 10 12 7 7 23 10 11 9 6 6 20 15 11 9 7 8 9 9 12 8 21 15 7 7 8 10 7 7 5 10 8 7 8 11 5 13 9 10 11 7 12 4 1 12 8 13 10 10 11 10 14 5 9 9 4 9 14 10 11 10 9 8 3 18 13 9 6 9 11 14 18 20 0 
12 7 13 9 6 12 17 11 8 11 8 7 11 14 6 6 3 15 9 13 16 11 15 13 7 8 6 8 9 12 7 7 23 10 12 9 5 6 20 16 10 9 8 7 9 9 14 6 21 15 7 7 8 10 7 7 5 10 9 7 7 11 5 13 9 10 11 7 12 4 1 11 8 14 10 9 11 10 15 4 9 9 5 9 12 12 11 8 11 8 3 17 13 10 5 8 12 14 19 20 0 
12 7 13 8 7 12 17 11 8 11 8 7 10 15 6 6 3 14 10 13 16 11 15 13 7 8 7 7 9 12 7 7 23 10 13 9 5 6 20 15 10 10 8 6 9 11 12 7 22 13 7 8 9 8 7 7 6 10 9 7 6 11 5 14 8 10 11 7 12 4 1 10 9 13 10 10 11 10 14 5 9 9 5 9 9 11 15 8 10 9 2 15 13 13 5 5 15 13 19 21 0 
12 7 13 8 7 12 17 11 8 11 8 7 10 15 6 5 4 13 10 15 15 11 15 14 6 8 7 9 8 11 7 7 23 10 13 9 7 4 20 16 10 10 7 6 9 11 12 7 27 8 7 8 10 7 7 8 5 10 9 7 6 12 5 13 8 10 11 7 12 4 0 10 10 13 10 10 10 10 14 6 9 8 6 8 9 11 15 8 11 9 2 13 12 16 5 4 15 14 19 21 0 
12 7 13 8 7 12 17 11 8 11 8 7 10 15 5 6 4 13 10 15 15 11 15 14 6 9 7 8 9 10 7 7 23 10 13 10 6 4 20 19 7 10 7 6 9 11 12 7 29 8 5 9 9 7 7 9 4 10 12 5 7 10 6 12 8 10 11 7 12 3 1 9 11 13 9 11 9 11 12 8 8 9 6 8 7 12 12 10 13 9 2 10 14 16 6 2 17 13 19 22 0 
12 5 14 9 7 12 17 12 7 11 8 7 10 15 5 5 5 13 10 15 15 11 15 17 5 7 7 9 9 9 7 8 22 11 13 9 6 4 21 19 7 9 8 7 7 11 13 8 30 7 3 10 8 7 7 10 3 10 13 5 6 10 6 12 8 11 10 7 12 3 1 8 10 15 9 11 8 9 15 7 9 6 7 9 7 12 12 11 10 11 2 11 13 16 7 2 17 13 19 22 0 
12 5 14 7 9 12 17 12 7 11 8 7 10 15 5 5 5 13 10 15 15 12 14 18 4 7 7 9 9 9 7 9 21 11 13 9 6 5 21 19 8 7 9 6 8 10 14 15 24 6 2 12 7 7 7 9 5 8 13 5 6 10 7 11 8 11 10 7 12 3 1 7 10 15 10 10 9 9 15 7 9 6 7 6 10 11 12 12 8 13 2 9 15 16 5 4 17 7 25 22 0 
12 5 13 8 9 12 17 12 7 11 8 7 9 16 4 6 5 13 9 17 14 12 18 14 6 5 7 10 8 10 8 7 21 12 13 8 6 7 19 22 7 5 9 7 8 10 14 18 20 7 1 14 8 5 8 7 5 8 13 5 6 10 7 11 8 12 9 7 12 2 2 7 10 12 12 10 10 9 14 8 9 5 8 3 12 11 12 13 6 15 2 6 17 14 5 6 16 8 26 22 0 
12 5 13 7 10 12 17 12 8 10 8 7 9 16 4 4 6 14 9 17 15 11 21 11 6 7 5 10 8 10 9 7 20 12 13 8 7 6 19 22 9 3 9 7 9 9 15 20 17 8 3 11 9 6 7 6 5 8 13 5 6 10 9 10 7 12 10 6 12 2 2 7 10 12 12 8 10 10 12 11 7 7 7 3 9 14 11 14 7 13 4 5 16 14 7 6 16 8 26 22 0 
12 5 11 9 10 12 17 12 8 10 8 7 9 16 4 4 5 15 9 18 14 12 23 8 8 5 5 10 9 9 9 8 20 12 14 7 7 5 22 19 10 3 8 8 8 9 15 21 17 7 4 10 10 5 9 5 5 9 11 6 6 9 9 10 7 12 10 6 12 2 2 7 10 12 11 8 10 10 11 12 5 10 6 4 9 14 10 15 7 12 4 5 16 15 7 6 13 8 28 23 0 
12 5 11 9 10 14 16 12 8 9 8 7 8 17 4 3 6 15 9 17 15 14 22 8 8 5 6 9 9 8 11 6 20 13 13 7 7 6 23 18 9 4 7 10 6 10 14 21 17 7 7 8 10 6 7 6 5 8 11 7 6 8 9 10 7 12 10 6 12 2 2 7 8 10 14 7 11 11 11 12 5 10 6 4 9 12 12 13 9 10 6 3 18 15 7 6 12 9 25 26 0 
12 4 12 7 11 15 16 12 8 9 8 7 8 17 4 3 6 15 9 17 15 14 22 9 8 4 6 11 7 8 11 6 20 17 11 5 7 6 26 15 9 4 8 9 7 9 14 22 16 7 8 7 10 6 7 6 7 6 11 7 7 7 9 10 8 11 10 6 12 2 2 7 8 9 13 8 10 12 10 14 5 7 8 5 8 10 11 15 11 9 7 2 16 15 10 5 8 13 25 27 0 
12 4 12 7 11 15 16 13 7 9 8 7 8 17 4 3 6 15 9 17 15 17 21 7 8 5 6 11 6 9 10 6 20 17 11 5 7 6 28 13 9 5 7 10 7 8 14 24 15 6 8 8 9 7 7 5 8 7 9 7 7 7 9 10 8 11 10 6 12 2 2 5 10 8 13 9 9 12 11 13 6 6 8 6 8 7 13 16 9 9 9 2 15 10 16 5 5 15 23 30 0 
12 4 12 7 11 15 16 13 7 9 8 7 8 17 4 3 6 15 9 17 15 21 17 7 8 5 6 11 6 9 10 8 18 18 11 5 6 6 29 12 9 5 8 9 8 8 14 30 11 3 9 9 7 7 7 5 10 6 8 7 8 6 9 11 7 13 8 6 12 1 3 5 8 8 14 10 9 12 9 15 4 8 8 4 8 8 13 14 11 10 9 2 10 14 16 6 3 16 22 32 0 
12 4 12 6 12 15 15 14 8 8 8 7 8 17 4 3 6 14 10 18 15 21 17 7 8 6 5 10 8 8 9 8 19 18 10 5 6 9 27 12 10 4 7 9 8 9 13 35 8 1 10 8 7 7 8 5 10 6 7 7 9 5 11 9 7 14 7 6 12 1 3 4 9 8 13 10 10 12 9 15 3 9 5 7 5 11 11 13 11 13 9 1 10 14 16 6 3 17 20 34 0 
12 3 13 6 12 15 15 14 9 7 8 7 8 15 6 3 6 14 10 18 15 21 20 5 7 7 5 10 8 7 9 12 15 20 10 3 6 11 26 11 10 6 5 9 9 8 14 35 8 0 12 7 7 6 9 4 10 8 5 7 9 6 10 9 7 14 8 5 12 1 3 4 8 8 13 10 10 12 10 14 4 8 6 7 2 11 13 12 13 9 12 2 7 17 16 3 6 17 16 38 0 
12 3 13 6 12 14 17 14 8 7 8 6 9 15 6 3 6 14 10 17 16 21 21 5 6 7 6 9 10 5 9 13 16 18 10 3 6 15 25 10 8 7 4 9 9 11 11 35 8 3 11 8 5 6 9 3 10 9 4 7 9 6 10 10 6 14 9 4 12 0 4 2 9 9 13 10 10 11 10 14 4 9 5 7 3 9 14 11 15 7 14 2 4 17 14 7 6 16 17 39 0 
12 3 13 6 12 14 17 14 8 7 8 6 9 15 6 3 6 13 11 17 18 20 20 8 3 7 7 8 10 5 9 13 18 17 10 3 5 15 28 10 5 8 5 7 9 14 12 32 7 7 7 9 4 8 7 5 8 12 1 7 10 6 9 12 4 14 9 4 12 0 4 2 7 11 13 9 11 10 10 12 7 8 6 6 4 9 12 12 15 7 12 4 4 17 15 7 6 16 15 41 0 
12 2 14 6 12 14 17 15 8 6 8 6 9 15 6 3 6 13 11 17 19 20 19 8 5 5 8 7 12 3 9 14 18 16 10 3 5 21 25 9 3 9 4 9 9 12 17 27 7 7 8 10 4 8 5 5 8 13 0 9 8 6 10 11 4 15 8 4 12 0 4 1 6 11 14 9 12 9 10 13 7 5 9 5 5 8 10 15 14 8 10 6 3 18 15 7 5 13 15 45 0 
12 2 14 6 11 15 18 14 8 6 8 6 9 15 6 3 6 12 12 17 19 25 16 8 4 4 9 8 10 5 7 15 19 15 9 3 5 22 25 9 2 9 4 9 9 13 20 24 6 8 7 10 6 7 6 4 7 13 1 8 8 6 10 11 4 15 9 3 12 0 4 1 6 10 12 12 10 10 9 14 8 4 7 8 5 7 7 14 16 11 9 7 2 15 13 13 5 9 15 49 0 
12 2 14 6 11 15 19 13 8 6 8 6 9 15 4 5 5 11 14 17 19 28 13 8 4 4 10 8 9 7 5 16 19 15 8 6 2 22 25 9 4 7 4 9 9 14 22 24 3 9 9 7 7 6 6 5 8 11 3 6 8 6 11 11 3 15 9 3 12 0 4 0 7 10 12 11 8 11 11 11 10 5 6 8 4 6 10 13 16 11 8 9 2 10 15 16 5 4 18 51 0 
12 0 16 6 11 15 19 13 10 4 8 5 10 15 3 6 5 9 16 17 19 28 13 8 5 5 8 8 9 7 5 16 19 16 8 5 3 22 24 9 4 7 6 7 9 14 32 17 0 10 8 7 7 7 5 7 6 11 4 5 9 5 14 8 3 15 9 3 12 0 4 0 7 9 9 13 8 11 11 11 12 5 6 5 7 2 12 13 14 13 10 9 1 9 15 16 6 3 19 52 0 
12 0 15 7 11 15 20 12 10 4 8 5 10 15 3 6 5 7 17 18 19 34 9 7 5 4 9 7 10 6 5 18 17 17 7 6 2 26 20 10 3 7 6 7 11 14 37 10 2 12 5 6 7 7 5 9 5 10 5 4 9 5 15 7 3 15 9 3 12 0 4 0 7 8 9 12 9 9 14 11 12 3 7 6 6 3 9 15 12 14 10 10 2 6 18 14 4 7 17 54 0 
12 0 15 7 10 17 19 12 10 4 8 5 10 15 2 7 5 7 17 19 22 33 6 7 7 3 10 6 9 6 7 20 14 18 5 7 2 28 18 10 3 7 6 6 11 15 37 9 5 9 8 4 6 9 4 10 5 8 5 4 10 5 14 7 3 15 9 3 12 0 4 0 7 8 6 14 10 9 13 10 13 3 8 5 6 4 9 13 12 15 8 13 1 5 17 14 7 6 18 54 0 
12 0 14 8 10 14 23 11 10 4 8 5 10 15 2 7 3 8 17 20 24 33 6 5 7 4 10 6 8 7 6 22 14 17 4 7 2 28 19 9 4 7 7 5 11 15 38 7 7 7 9 4 6 9 3 10 6 7 6 3 10 5 14 8 2 16 8 3 12 0 4 0 5 8 8 13 10 10 12 9 15 2 9 5 5 5 8 10 15 15 7 12 4 3 18 15 7 6 16 56 0 
12 0 12 9 11 14 25 10 11 2 8 5 9 16 2 7 3 8 17 19 25 33 8 3 7 5 9 6 8 9 4 23 17 14 4 6 2 31 18 7 7 4 8 5 10 15 38 7 8 7 10 4 6 7 3 10 8 5 7 3 10 5 13 8 2 16 8 3 12 0 4 0 5 8 7 13 10 10 13 9 14 3 7 5 7 5 6 8 15 19 7 10 6 2 16 16 9 5 16 57 0 
12 0 10 10 12 14 25 11 11 1 8 5 9 16 2 7 0 9 19 19 26 33 9 3 5 6 9 7 7 10 2 23 21 12 2 6 3 34 17 4 7 4 9 5 9 16 40 4 9 7 9 6 7 4 5 8 12 1 7 4 9 5 13 8 2 16 9 2 12 0 4 0 4 7 9 13 9 11 12 10 12 5 4 6 8 4 3 13 13 17 11 8 8 2 10 15 16 5 11 62 0 
12 0 9 11 10 16 26 10 12 0 8 5 9 16 2 7 0 8 20 20 28 31 8 4 4 8 7 7 7 10 3 22 22 11 2 6 5 39 12 2 9 2 9 5 10 21 38 0 10 8 7 7 6 6 4 7 13 0 7 4 9 5 13 9 2 15 9 2 12 0 4 0 4 5 9 14 9 12 11 10 11 7 4 6 5 7 2 10 15 16 13 8 9 1 9 15 16 7 3 70 0 
12 0 7 13 9 17 27 9 12 0 8 5 9 16 2 6 1 8 20 21 30 28 8 5 3 9 6 9 6 9 4 21 23 10 3 5 6 40 10 3 8 4 7 6 9 26 33 3 11 5 6 7 7 5 5 7 12 0 7 4 10 4 13 9 2 15 9 2 12 0 4 0 2 5 10 12 12 10 11 10 12 7 5 5 5 6 4 9 14 14 13 12 8 2 6 18 16 5 4 71 0 
12 0 7 12 7 20 27 9 12 0 8 5 8 17 2 6 1 8 20 20 40 20 8 5 4 8 5 11 4 9 5 20 23 10 3 5 10 36 10 4 7 4 7 8 9 39 18 7 7 8 3 7 7 5 7 6 11 0 7 6 8 4 13 9 2 16 8 2 12 0 4 0 2 5 10 12 11 8 13 9 11 10 3 7 5 6 4 8 11 15 15 8 13 1 5 17 14 7 6 72 0 
12 0 5 13 8 20 27 9 12 0 8 5 8 17 2 6 1 8 19 21 44 17 7 7 2 8 7 10 3 9 6 20 23 10 2 5 12 34 12 2 7 4 7 9 11 38 16 8 7 8 4 5 9 3 10 3 11 0 7 7 7 5 12 9 3 16 7 2 12 0 4 0 1 6 9 9 12 8 12 12 10 12 2 8 5 5 5 7 9 17 16 6 13 3 3 18 15 7 6 72 0 
12 0 5 11 9 20 30 7 12 0 8 5 8 17 2 6 1 7 19 22 50 13 5 7 3 8 7 9 3 9 6 20 24 9 5 2 16 32 10 3 6 4 9 7 14 40 11 8 7 10 4 5 8 3 10 4 9 2 7 5 7 7 10 9 3 16 7 2 12 0 3 1 0 7 8 7 14 9 9 14 9 13 2 7 4 7 4 3 13 14 20 7 10 6 2 15 15 11 5 73 0 
12 0 5 11 7 22 30 8 11 0 8 5 8 16 3 5 2 6 18 23 53 14 4 5 4 9 5 9 5 7 8 20 24 7 5 2 20 29 9 5 5 5 7 9 12 46 5 9 9 7 6 5 6 3 10 6 7 4 5 7 5 8 9 9 4 16 6 2 12 0 3 1 0 7 8 6 13 10 10 13 9 13 3 4 6 6 6 2 10 16 18 11 8 8 2 9 15 17 5 73 0 
12 0 5 11 7 22 30 8 11 0 8 5 8 16 3 5 2 6 18 23 55 13 3 5 5 9 5 9 6 5 9 22 24 4 7 0 25 28 5 7 4 5 6 9 14 49 0 12 6 7 7 6 4 5 8 8 5 5 4 7 5 9 8 9 4 16 7 1 12 0 2 2 0 7 6 7 13 10 11 12 9 13 4 4 6 5 5 4 9 15 15 14 9 9 1 6 18 16 7 73 0 
12 0 4 12 6 23 30 8 11 0 8 5 8 15 4 4 3 6 18 24 57 10 4 4 6 8 6 8 6 5 13 20 23 4 6 1 27 28 2 8 3 7 4 9 14 49 5 9 7 4 7 6 6 4 7 13 0 5 4 7 5 9 8 9 4 16 8 0 12 0 2 2 0 5 7 8 13 9 11 13 9 10 7 4 5 5 5 5 8 11 17 14 9 11 1 5 17 16 5 78 0 
12 0 4 12 6 23 31 7 11 0 8 5 7 16 4 4 3 6 18 24 57 11 4 3 8 7 5 8 6 5 13 22 23 2 6 1 37 18 3 8 2 8 3 11 18 43 7 7 9 3 6 7 5 5 6 13 0 7 2 8 5 8 8 9 5 15 8 0 12 0 2 2 0 4 5 9 14 9 12 11 10 11 6 3 7 5 5 5 6 9 18 16 7 13 2 3 18 15 7 78 0 
12 0 3 13 6 23 31 7 11 0 8 5 7 16 4 4 3 5 19 24 59 9 6 3 7 6 7 7 7 3 15 25 18 2 6 2 39 15 4 7 2 9 3 10 37 24 8 7 10 2 6 7 4 8 5 11 0 7 2 8 5 10 6 9 5 15 8 0 12 0 1 3 0 4 3 10 12 12 11 11 9 10 9 2 8 2 7 4 2 14 14 20 7 10 6 2 15 17 12 75 0 
12 0 3 13 6 23 32 6 11 0 8 5 7 16 4 4 3 5 19 24 60 8 7 3 7 5 8 6 10 2 14 29 13 2 6 2 40 16 2 7 4 7 4 10 40 20 9 9 7 4 6 7 3 9 3 11 0 7 2 8 6 9 6 9 5 15 8 0 12 0 0 4 0 2 5 10 8 15 8 13 9 9 11 2 5 5 6 5 3 9 17 18 11 8 8 2 9 15 30 65 0 
12 0 2 14 6 23 33 5 11 0 8 5 7 16 4 4 3 3 15 32 62 4 7 3 7 7 8 5 9 2 19 26 11 3 5 2 43 13 3 6 4 7 5 9 49 11 12 6 7 7 6 4 3 10 4 9 0 7 3 8 5 9 7 8 6 14 8 0 12 0 0 4 0 2 5 8 8 13 9 12 11 11 11 2 4 6 5 5 4 9 15 15 16 7 9 1 6 18 37 59 0 
12 0 2 13 7 23 33 5 11 0 8 5 7 16 4 4 3 0 18 45 50 5 5 4 8 6 9 3 9 2 22 24 11 2 5 7 40 11 5 5 3 7 6 9 52 10 11 6 5 7 6 4 5 8 6 7 1 6 4 8 4 10 6 8 6 14 8 0 12 0 0 4 0 1 6 8 6 14 10 9 14 9 12 3 4 5 5 5 5 8 10 18 15 10 9 1 3 19 47 52 0 
12 0 2 13 7 23 34 5 10 0 8 5 7 15 5 4 3 0 17 52 46 4 4 6 8 4 9 3 9 2 23 25 9 5 2 11 41 6 7 3 5 5 7 8 54 12 7 9 3 6 7 5 4 7 9 4 3 4 4 8 4 11 5 8 6 14 8 0 12 0 0 4 0 0 7 6 7 13 10 11 12 9 12 4 3 7 5 4 4 5 11 19 16 7 13 2 2 19 59 41 0 
12 0 0 14 8 22 36 5 9 0 8 5 7 14 6 1 6 0 15 56 45 4 3 8 6 5 8 3 9 4 21 27 7 7 0 19 36 3 9 2 5 6 6 11 54 9 7 10 2 6 7 4 5 6 13 0 4 5 2 9 4 14 1 8 6 14 8 0 12 0 0 4 0 0 5 7 8 13 9 11 13 9 10 6 2 8 1 7 5 2 12 15 21 7 10 6 2 11 69 39 0 
12 0 0 12 9 23 36 5 9 0 8 5 7 14 6 0 7 0 15 57 44 7 2 7 6 5 8 3 8 5 20 30 4 7 0 24 32 3 8 2 7 4 7 24 41 9 9 7 5 5 6 3 9 4 11 0 5 4 4 7 4 14 2 7 6 14 8 0 12 0 0 4 0 0 5 4 8 14 10 12 12 9 10 7 1 5 5 5 5 4 9 16 19 11 8 8 1 9 66 45 0 
12 0 0 10 10 24 36 7 7 0 8 5 7 13 7 0 6 1 14 60 42 7 3 7 5 5 8 6 5 6 19 33 2 6 0 34 24 2 7 2 8 3 9 33 30 12 6 7 7 6 4 3 10 2 11 0 7 2 5 6 5 13 2 7 6 14 8 0 12 0 0 4 0 0 4 3 10 12 11 12 11 7 9 11 2 4 6 4 5 5 8 11 18 18 7 8 2 4 70 46 0 
12 0 0 8 12 22 38 7 7 0 8 3 9 13 7 0 6 1 13 67 38 5 3 7 5 7 6 6 5 6 22 30 2 6 1 36 21 3 6 4 7 2 9 43 23 11 8 3 7 6 4 5 8 3 10 0 7 2 7 5 4 13 3 6 6 14 8 0 12 0 0 4 0 0 3 4 10 8 13 10 13 9 9 10 3 4 5 5 5 4 4 11 20 16 9 11 1 3 71 47 0 
12 0 0 7 12 24 36 9 6 0 8 3 9 13 7 0 6 1 12 72 35 4 4 8 5 7 5 5 5 8 25 25 2 6 1 38 19 3 6 4 7 2 11 47 21 7 10 3 5 7 5 3 8 6 7 0 7 2 7 5 4 13 3 6 7 14 7 0 12 0 0 3 1 0 2 5 8 6 15 9 11 12 9 11 4 2 7 2 7 4 2 13 16 20 6 12 4 2 75 44 0 
12 0 0 5 13 24 39 9 4 0 8 2 10 13 7 0 6 1 11 75 34 3 6 7 5 9 2 8 2 12 26 20 3 5 2 40 16 6 4 3 7 4 9 52 17 7 10 4 4 7 4 5 6 9 4 0 7 2 7 5 4 13 6 3 8 13 7 0 12 0 0 3 1 0 1 6 8 5 14 10 10 13 8 10 6 2 6 3 5 5 4 9 16 22 8 9 7 9 62 50 0 
12 0 0 5 11 25 40 9 4 0 8 1 11 13 7 0 6 1 16 77 29 1 8 6 4 9 3 9 0 13 30 16 2 5 2 49 7 9 2 4 5 5 9 54 15 9 7 6 5 6 2 7 4 13 0 2 5 2 8 4 6 11 7 2 9 12 7 0 12 0 0 2 2 0 0 7 6 7 13 9 12 12 9 9 7 1 4 6 4 5 5 8 13 18 16 7 9 22 46 53 0 
12 0 0 5 11 24 41 11 2 0 8 1 11 11 9 0 5 2 22 75 26 2 7 6 4 8 3 9 2 13 31 13 3 4 7 46 6 8 2 5 5 5 17 46 17 7 6 7 6 4 3 9 3 11 0 4 3 3 7 4 7 10 7 2 10 11 7 0 12 0 0 2 2 0 0 5 5 8 15 9 11 12 8 8 9 2 4 5 5 5 4 4 11 21 18 8 9 28 41 53 0 
12 0 0 4 12 23 42 13 0 0 8 0 12 10 10 0 5 2 24 75 24 3 7 5 5 8 2 9 2 14 34 9 7 0 19 38 3 7 2 7 4 5 28 43 10 9 3 6 6 4 5 8 2 11 0 5 2 4 7 4 8 8 9 0 12 9 7 0 12 0 0 1 3 0 0 5 2 10 12 12 12 10 7 9 10 3 3 6 2 7 4 2 13 16 21 6 12 31 44 49 0 
12 0 0 4 12 21 44 13 0 0 8 0 12 9 11 0 4 3 24 78 21 4 6 5 6 7 2 9 2 20 36 1 7 0 33 24 3 7 2 9 2 7 34 39 7 10 2 5 7 5 3 8 5 8 0 7 2 2 7 5 7 8 9 1 14 6 7 0 12 0 0 0 4 0 0 4 3 10 8 14 9 13 8 8 11 3 2 7 2 5 5 4 9 16 23 7 10 37 47 43 0 
12 0 0 3 13 23 42 13 0 1 7 0 12 9 10 1 4 3 28 75 20 5 8 4 5 6 5 6 3 22 33 2 6 0 35 22 4 6 4 7 2 8 42 30 9 8 6 4 6 3 5 6 7 6 0 7 2 4 6 4 8 7 9 1 14 6 7 0 12 0 0 0 4 0 0 3 4 8 6 15 9 9 14 7 10 6 1 4 6 4 5 5 8 11 22 14 7 44 46 40 0 
12 0 0 3 13 25 42 11 0 1 7 0 12 8 10 2 4 3 27 79 17 6 8 4 7 4 5 5 4 21 33 2 6 1 37 20 6 4 3 7 2 9 46 28 7 7 7 6 4 3 7 3 13 0 0 7 2 5 6 3 9 6 9 1 14 7 6 0 12 0 0 0 4 0 0 2 5 8 5 14 10 10 12 9 9 6 2 4 5 5 5 3 2 14 21 18 9 47 44 39 0 
12 0 0 2 13 28 40 11 0 1 7 0 12 7 11 2 4 3 31 75 19 6 6 4 9 2 5 5 6 19 33 2 6 1 46 11 9 2 2 7 3 13 45 27 8 3 7 6 4 3 10 2 11 0 1 6 2 6 5 3 9 6 9 1 15 6 6 0 12 0 0 0 4 0 0 1 6 6 7 13 9 11 13 8 7 9 2 4 5 2 7 3 3 10 19 21 6 58 43 35 0 
12 0 0 2 13 28 40 11 0 1 7 0 12 6 12 2 4 5 29 74 20 8 5 4 8 3 7 2 6 28 25 2 5 2 45 12 8 2 4 5 5 28 39 16 10 3 5 7 5 3 8 2 11 0 3 4 2 7 4 4 9 5 9 1 15 7 5 0 12 0 0 0 4 0 0 0 7 3 7 15 9 12 11 6 9 10 3 1 7 2 5 5 4 9 16 23 12 55 50 27 0 
12 0 0 0 14 32 37 11 0 2 6 0 11 6 13 2 0 13 27 68 25 7 5 5 8 2 9 0 8 31 20 2 5 11 41 8 7 2 6 5 3 29 42 13 10 4 5 6 4 4 7 4 9 0 5 2 2 7 5 3 13 1 9 1 15 9 3 0 12 0 0 0 3 1 0 0 5 2 10 12 11 12 10 7 8 8 6 1 4 6 4 5 5 6 12 21 30 51 53 19 0 
12 0 0 0 11 35 37 11 0 2 6 0 10 7 13 2 0 13 31 65 26 6 4 7 6 2 9 0 9 33 17 7 0 23 32 6 6 2 8 3 4 33 39 14 7 7 4 6 2 7 4 7 6 0 6 1 4 6 4 4 13 0 9 1 15 9 3 0 12 0 0 0 3 1 0 0 4 3 10 7 13 10 10 11 7 10 6 1 4 5 5 4 4 2 14 20 40 50 49 19 0 
12 0 0 0 9 36 38 11 0 3 5 0 10 6 14 2 0 26 19 63 28 7 5 5 5 2 9 2 11 39 7 7 0 34 23 4 6 4 7 2 6 35 42 8 6 7 6 4 3 9 1 13 0 0 7 2 2 6 4 4 13 1 8 1 16 8 3 0 12 0 0 0 2 2 0 0 3 4 8 6 14 9 10 12 9 6 9 2 4 5 1 7 3 4 9 18 48 47 51 19 0 
12 0 0 0 7 39 37 11 0 3 5 0 9 6 15 2 0 29 17 63 29 6 4 7 4 4 6 2 14 39 5 6 0 39 18 8 3 3 7 2 16 37 33 9 4 5 7 5 3 8 2 11 0 0 7 2 2 6 4 4 13 1 8 1 16 9 2 0 12 0 0 0 2 2 0 0 2 5 7 6 13 9 11 13 7 6 10 3 1 6 3 5 4 5 8 16 50 50 47 21 0 
12 0 0 0 6 40 37 11 0 3 5 0 8 7 15 2 0 32 18 60 30 5 4 8 2 5 5 2 16 39 3 6 1 43 13 10 2 2 7 2 28 36 23 10 4 4 7 4 4 7 2 11 0 1 6 2 4 5 3 5 12 1 8 1 16 9 2 0 12 0 0 0 0 4 0 0 1 6 5 6 15 8 12 11 6 7 10 4 1 4 6 4 5 4 1 14 52 70 33 23 0 
12 0 0 0 5 39 41 9 0 3 5 0 8 7 15 2 0 31 20 59 30 5 5 7 3 4 5 3 21 34 2 6 1 46 13 7 2 4 5 4 27 38 23 7 6 5 6 2 7 4 5 8 0 4 3 2 5 5 3 6 10 2 7 1 17 10 0 0 12 0 0 0 0 4 0 0 0 5 2 10 12 11 12 10 6 7 10 6 1 4 5 5 4 3 3 10 60 67 29 26 0 
12 0 0 0 5 39 40 10 0 3 5 0 8 7 15 2 0 31 20 57 33 4 5 8 2 8 1 4 24 31 2 5 9 40 11 7 2 6 5 3 28 46 14 6 7 6 4 3 9 1 9 4 0 5 2 2 7 4 3 7 8 2 7 2 17 9 0 0 12 0 0 0 0 4 0 0 0 5 2 10 7 13 9 8 13 8 7 8 2 3 6 1 5 5 4 8 62 65 27 30 0 
12 0 0 0 4 40 42 8 0 3 5 0 8 7 15 2 3 30 18 53 39 4 5 6 2 9 0 6 27 26 2 5 19 31 11 6 2 8 3 8 35 38 14 3 6 7 5 3 8 2 11 0 0 7 0 2 7 4 3 7 8 3 6 2 17 9 0 0 12 0 0 0 0 4 0 0 0 4 3 8 6 14 9 10 12 8 5 10 3 1 6 3 4 5 5 0 68 65 29 30 0 
12 0 0 0 4 40 43 7 0 3 5 0 8 7 15 2 11 23 20 51 39 4 7 3 2 9 0 6 32 21 6 1 29 24 11 4 3 7 2 19 32 34 12 4 4 7 4 4 7 2 11 0 0 7 2 2 5 4 3 7 8 3 6 3 17 8 0 0 12 0 0 0 0 3 1 0 0 3 4 8 5 13 9 11 12 5 7 10 4 1 4 5 5 4 4 8 62 56 39 29 0 
12 0 0 0 3 43 43 5 0 4 4 0 8 7 14 3 14 23 20 47 41 3 9 2 3 7 0 8 43 8 7 0 41 15 11 1 3 7 2 27 27 35 8 6 5 6 2 7 4 5 8 0 1 6 2 2 6 4 3 8 6 6 3 3 17 8 0 0 12 0 0 0 0 3 1 0 0 2 5 6 5 15 8 12 10 6 6 10 6 1 4 5 1 6 4 15 67 39 41 34 0 
12 0 0 0 2 43 39 10 0 4 4 0 8 7 14 3 15 23 21 44 42 5 7 2 5 5 2 11 39 8 6 0 44 14 9 2 4 5 2 29 37 24 7 7 6 4 3 9 1 8 5 0 3 4 2 2 6 4 3 9 5 9 0 4 16 8 0 0 12 0 0 0 0 2 2 0 0 1 6 0 10 12 11 8 10 10 7 7 8 2 2 6 2 4 5 22 60 31 52 32 0 
12 0 0 0 2 42 42 8 0 4 4 0 8 6 14 4 18 18 25 43 41 5 8 2 4 5 2 11 40 7 6 1 45 13 8 2 5 4 5 29 41 22 3 6 7 5 3 8 2 11 0 0 5 2 2 4 5 3 4 9 4 9 0 4 16 8 0 0 12 0 0 0 0 2 2 0 0 0 5 2 10 7 12 9 9 12 8 5 10 2 2 3 5 5 4 36 43 30 48 41 0 
12 0 0 0 0 43 42 9 0 4 4 0 8 6 14 4 21 18 23 43 42 5 6 2 8 1 2 14 41 3 6 11 36 14 6 2 8 3 14 31 32 20 4 4 7 4 4 7 2 11 0 0 7 0 2 5 5 2 4 13 0 9 0 5 15 8 0 0 12 0 0 0 0 0 4 0 0 0 4 3 8 6 13 8 11 12 7 5 10 4 1 4 5 2 6 44 39 24 46 46 0 
12 0 0 0 0 41 44 9 0 4 4 0 8 6 14 4 24 16 23 43 41 8 3 2 9 0 4 22 32 3 5 18 30 16 3 4 7 2 21 28 35 13 6 5 6 2 7 4 5 8 0 0 7 2 0 7 3 2 4 13 0 9 0 5 15 8 0 0 12 0 0 0 0 0 4 0 0 0 4 3 8 5 13 9 11 11 5 6 10 5 2 4 5 1 5 51 34 22 44 50 0 
12 0 0 0 0 37 47 10 0 4 4 0 7 6 15 4 27 15 26 38 38 13 2 2 8 0 5 29 25 2 5 28 22 17 1 3 7 2 26 31 33 7 7 6 4 3 9 1 8 5 0 1 6 2 2 5 4 2 4 12 0 9 0 6 14 8 0 0 12 0 0 0 0 0 4 0 0 0 2 5 6 5 11 11 11 8 9 7 6 9 2 1 6 3 4 66 19 22 38 57 0 
12 0 0 0 0 36 48 10 0 4 4 0 7 6 14 9 28 11 25 39 39 11 2 5 5 0 6 38 15 7 0 37 17 13 2 2 7 3 33 26 35 4 5 7 5 3 8 2 11 0 0 3 4 2 2 6 3 3 5 10 0 9 0 6 14 8 0 0 12 0 0 0 0 0 3 1 0 0 1 6 0 10 8 12 8 9 12 8 5 9 3 1 4 5 2 71 15 25 33 61 0 
12 0 0 0 0 35 48 11 0 4 4 0 7 6 13 15 24 12 25 35 40 13 2 4 5 2 6 42 10 6 0 42 17 8 2 4 5 9 30 33 27 4 5 7 3 4 7 2 11 0 0 5 2 2 2 6 4 2 7 8 1 8 1 7 12 8 0 0 12 0 0 0 0 0 3 1 0 0 0 5 2 10 4 14 8 10 12 5 7 8 6 1 4 5 1 71 16 31 29 59 0 
12 0 0 0 0 35 45 14 0 4 4 0 7 5 13 20 20 13 26 34 40 12 2 6 3 2 7 43 8 6 5 39 16 7 2 7 2 18 28 35 18 7 4 6 3 6 4 5 8 0 0 7 0 2 4 4 4 2 7 8 1 8 1 8 11 8 0 0 12 0 0 0 0 0 2 2 0 0 0 4 3 8 5 13 9 11 10 6 6 9 6 2 1 6 15 59 16 31 29 59 0 
12 0 0 0 0 34 46 14 0 4 4 0 7 5 13 20 20 14 26 34 37 14 2 9 0 2 11 40 7 6 14 32 17 4 4 6 3 22 31 28 16 7 6 4 3 10 0 9 4 0 1 6 2 0 5 4 3 3 7 7 1 8 1 10 10 7 0 0 12 0 0 0 0 0 2 2 0 0 0 4 3 6 5 14 9 9 9 8 8 6 8 2 1 4 27 49 22 24 42 48 0 
12 0 0 0 0 33 43 18 0 4 4 0 7 5 13 20 21 16 23 33 38 15 1 9 0 3 17 35 6 5 25 23 19 1 3 7 4 29 28 32 8 5 7 5 3 8 2 11 0 0 3 4 2 0 7 3 2 3 8 6 2 7 1 11 9 7 0 0 12 0 0 0 0 0 0 4 0 0 0 2 5 2 8 8 12 8 9 12 7 6 8 4 1 4 48 25 23 27 52 37 0 
12 0 0 0 0 33 41 20 0 4 4 0 7 5 13 23 19 18 21 34 36 15 4 6 0 4 29 24 5 4 29 21 17 2 2 7 9 27 26 36 7 3 7 3 5 6 2 11 0 0 5 2 2 2 5 4 1 4 8 5 2 7 1 12 8 7 0 0 12 0 0 0 0 0 0 4 0 0 0 1 6 0 10 4 14 7 11 12 5 7 8 5 2 2 52 23 28 25 53 33 0 
12 0 0 0 0 33 41 20 0 4 4 0 6 6 11 30 15 18 18 36 37 15 4 5 0 6 37 15 8 0 36 18 13 2 4 5 15 28 26 30 7 6 4 3 8 2 6 7 0 0 6 1 2 2 6 3 2 3 12 1 3 6 1 13 7 7 0 0 12 0 0 0 0 0 0 4 0 0 0 0 5 2 8 5 13 8 12 10 5 7 7 8 2 0 53 24 29 37 41 32 0 
12 0 0 0 0 34 40 20 0 4 4 0 6 6 12 31 14 18 17 36 37 15 6 3 2 4 41 13 6 5 36 16 10 2 7 2 21 32 31 16 6 7 3 5 8 1 12 0 0 0 7 0 2 3 5 3 3 2 13 0 5 4 1 14 6 7 0 1 11 0 0 0 0 0 0 3 1 0 0 0 4 3 7 4 12 10 8 7 12 7 5 9 3 1 56 25 23 50 37 25 0 
